1332
1605
1928
1803
1963
1925
1721
2802
2531
2914
2501
2002
2801
3402
3101
3103
3861
4911
4005
4272
4901
3405
4042
3407
4208
4452
4063
4021
4061
4502
4506
4519
4503
4507
4578
4568
4151
4523
5101
5108
5201
5332
5333
5202
5301
5233
5401
5411
5801
5706
5711
5901
5802
5713
7013
6366
6113
6473
6305
6301
6367
8035
7735
6762
6770
6506
6976
6701
6724
6952
7751
6703
6971
6857
6841
6902
6758
7012
7003
7270
7261
7211
7201
7202
7267
7272
7203
7269
4902
7762
7731
7733
4543
7912
2768
8002
8001
8031
8053
8015
8267
3099
3086
8028
8331
8411
8306
7186
8355
8308
8316
8601
8604
8628
8729
8750
8795
8630
8766
8804
9007
9021
9020
9022
9101
9202
9301
9984
9432
9433
9437
9613
9501
9502
9503
6178
6098
4751
4704
9766
