1332
1333
1605
1963
1928
1812
1802
1803
1808
1925
1721
1801
2269
2871
2282
2501
2502
2002
2531
2802
2914
2503
2801
3402
3101
3103
3401
3863
3861
4452
4208
4043
4063
4911
4901
4061
4042
4272
4631
6988
3407
3405
4005
4188
4183
4021
4004
4523
4151
4578
4519
4503
4506
4507
4502
4568
5020
5002
5108
5101
5202
5233
5214
5201
5232
5332
5333
5301
5541
5401
5406
5411
5707
5713
5901
5714
5802
3436
5803
5706
5801
5703
5711
6367
6361
6302
6366
6326
6473
6472
7004
6113
6471
7011
5631
6305
7013
6301
6103
6954
7735
6971
6702
6857
6674
6479
6703
6724
7751
7752
6952
6506
6770
6773
6841
3105
6701
6758
6503
6752
6902
6976
6762
6504
6501
8035
7012
7003
7269
7203
7205
7202
7272
7201
7211
7261
7270
7267
4902
7762
4543
7731
7733
7951
7912
7911
8001
8058
8031
8053
8015
8002
2768
3382
3086
3099
8267
8252
8233
8028
9983
8304
8309
8306
7186
8411
8331
8308
8355
8303
8354
8316
8628
8601
8604
8630
8729
8725
8766
8750
8795
8253
8801
3289
8802
8830
8804
9022
9008
9005
9007
9009
9001
9020
9021
9064
9062
9107
9104
9101
9202
9301
9613
9412
9437
9433
9984
9432
9502
9503
9501
9532
9531
9735
4704
9602
4324
4689
4755
2432
9681
9766
6098
6178
4751
1332
1333
1605
1963
1928
1812
1802
1803
1808
1925
1721
1801
2269
2871
2282
2501
2502
2002
2531
2802
2914
2503
2801
3402
3101
3103
3401
3863
3861
4452
4208
4043
4063
4911
4901
4061
4042
4272
4631
6988
3407
3405
4005
4188
4183
4021
4004
4523
4151
4578
1332
1333
1605
1963
1928
1812
1802
1803
1808
1925
1721
1801
2269
2871
2282
2501
2502
2002
2531
2802
2914
2503
2801
3402
3101
3103
3401
3863
3861
4452
4208
4043
4063
4911
4901
4061
4042
4272
4631
6988
3407
3405
4005
4188
4183
4021
4004
4523
4151
4578
1332
1333
1605
1963
1928
1812
1802
1803
1808
1925
1721
1801
2269
2871
2282
2501
2502
2002
2531
2802
2914
2503
2801
3402
3101
3103
3401
3863
3861
4452
4208
4043
4063
4911
4901
4061
4042
4272
4631
6988
3407
3405
4005
4188
4183
4021
4004
4523
4151
4578
1332
1333
1605
1963
1928
1812
1802
1803
1808
1925
1721
1801
2269
2871
2282
2501
2502
2002
2531
2802
2914
2503
2801
3402
3101
3103
3401
3863
3861
4452
4208
4043
4063
4911
4901
4061
4042
4272
4631
6988
3407
3405
4005
4188
4183
4021
4004
4523
4151
4578
1332
1333
1605
1963
1928
1812
1802
1803
1808
1925
1721
1801
2269
2871
2282
2501
2502
2002
2531
2802
2914
2503
2801
3402
3101
3103
3401
3863
3861
4452
4208
4043
4063
4911
4901
4061
4042
4272
4631
6988
3407
3405
4005
4188
4183
4021
4004
4523
4151
4578
